izo;prijati;zamitnuti;celkem
13757.0;111;203;314
53155.0;177;241;418
53163.0;281;438;719
55069.0;130;180;310
55107.0;183;319;502
64556.0;12;18;30
68772.0;119;318;437
68781.0;86;216;302
68799.0;90;205;295
68802.0;60;198;258
68837.0;90;194;284
68845.0;90;273;363
68853.0;120;337;457
68861.0;53;218;271
68870.0;90;244;334
68888.0;90;275;365
68926.0;150;237;387
68934.0;60;228;288
68942.0;87;157;244
68951.0;75;155;230
68969.0;60;123;183
69019.0;149;428;577
69027.0;130;228;358
69043.0;85;145;230
69078.0;60;115;175
69086.0;132;263;395
69108.0;142;260;402
69124.0;79;180;259
69132.0;88;330;418
69141.0;120;341;461
69159.0;87;190;277
69167.0;84;164;248
69175.0;128;131;259
69205.0;55;106;161
69221.0;63;94;157
69248.0;112;268;380
69264.0;57;87;144
69272.0;64;140;204
69540.0;53;49;102
69574.0;72;105;177
69647.0;132;217;349
72753.0;139;229;368
72818.0;60;87;147
72869.0;231;377;608
72966.0;65;133;198
73041.0;91;170;261
73059.0;168;299;467
73130.0;45;66;111
76953.0;88;102;190
76970.0;92;245;337
76996.0;108;167;275
77003.0;43;53;96
77119.0;88;136;224
77127.0;234;503;737
77135.0;88;199;287
77143.0;151;327;478
77224.0;96;342;438
77232.0;143;276;419
77305.0;54;57;111
77313.0;224;393;617
77348.0;79;145;224
81825.0;117;178;295
81833.0;93;135;228
81841.0;60;116;176
81850.0;26;37;63
81868.0;117;397;514
81876.0;84;200;284
81884.0;84;145;229
81922.0;200;228;428
81931.0;150;331;481
81973.0;30;23;53
81990.0;72;177;249
82015.0;273;581;854
82091.0;141;87;228
82104.0;82;157;239
82121.0;55;67;122
82139.0;112;215;327
82147.0;289;504;793
82198.0;82;154;236
82201.0;346;611;957
82244.0;90;215;305
82252.0;120;569;689
82287.0;150;528;678
82457.0;103;162;265
82627.0;236;451;687
87131.0;90;143;233
87173.0;75;137;212
87211.0;89;310;399
87297.0;121;225;346
87343.0;49;71;120
87408.0;89;186;275
87513.0;80;227;307
87629.0;46;82;128
87653.0;229;282;511
87670.0;88;196;284
87751.0;187;326;513
87840.0;57;57;114
87858.0;46;28;74
87939.0;76;50;126
87998.0;43;45;88
99783.0;153;244;397
100340.0;90;139;229
150088.0;28;25;53
173843.0;261;331;592
175790.0;203;446;649
177032.0;219;508;727
179434.0;120;201;321
194221.0;84;168;252
219321.0;425;1164;1589
222411.0;72;81;153
226467.0;149;396;545
226475.0;442;1309;1751
283762.0;150;529;679
300268.0;492;1453;1945
312835.0;87;394;481
334677.0;93;227;320
335398.0;90;1317;1407
335410.0;90;376;466
335479.0;92;1098;1190
335487.0;120;1360;1480
335533.0;89;650;739
335606.0;121;1038;1159
336475.0;124;578;702
340383.0;90;584;674
367753.0;60;141;201
367761.0;59;110;169
376469.0;274;328;602
380385.0;332;707;1039
380431.0;285;348;633
391107.0;90;269;359
392642.0;148;548;696
392669.0;101;198;299
401021.0;57;93;150
401030.0;39;37;76
401048.0;60;123;183
401072.0;55;113;168
401081.0;58;151;209
401170.0;77;151;228
401871.0;26;19;45
474029.0;52;218;270
477419.0;105;134;239
478423.0;85;125;210
479021.0;63;16;79
479322.0;143;223;366
497029.0;42;101;143
497061.0;186;350;536
497070.0;316;1154;1470
507474.0;111;128;239
510874.0;358;1217;1575
513156.0;170;346;516
519324.0;30;19;49
520055.0;200;498;698
520110.0;83;136;219
520152.0;215;867;1082
523925.0;245;743;988
527939.0;333;991;1324
529681.0;102;222;324
529842.0;190;286;476
532525.0;152;450;602
549185.0;159;384;543
550591.0;130;408;538
556807.0;224;453;677
558974.0;88;312;400
558982.0;114;699;813
558991.0;117;963;1080
559008.0;147;1147;1294
559016.0;114;988;1102
559032.0;123;844;967
559075.0;90;199;289
559083.0;53;123;176
559091.0;95;132;227
559130.0;124;364;488
559148.0;150;211;361
559156.0;59;104;163
559237.0;120;191;311
559415.0;250;436;686
559466.0;150;318;468
559539.0;120;200;320
559628.0;160;288;448
559644.0;255;621;876
563722.0;347;791;1138
566381.0;240;1000;1240
566756.0;137;531;668
566829.0;51;69;120
566900.0;99;200;299
567566.0;35;4;39
567582.0;90;428;518
574406.0;146;341;487
574961.0;36;36;72
577448.0;183;479;662
582298.0;80;106;186
582336.0;212;463;675
582344.0;104;114;218
582875.0;33;58;91
583839.0;89;145;234
583855.0;88;245;333
584118.0;28;14;42
601292.0;132;214;346
601322.0;118;251;369
601331.0;69;70;139
601349.0;60;89;149
601357.0;43;54;97
601381.0;214;563;777
601390.0;90;163;253
601403.0;60;205;265
601411.0;85;134;219
601489.0;87;97;184
601497.0;86;188;274
601501.0;83;122;205
601519.0;148;292;440
601527.0;60;99;159
601535.0;89;119;208
601543.0;60;208;268
601551.0;90;228;318
601560.0;90;35;125
601578.0;62;198;260
601691.0;59;139;198
601721.0;120;301;421
601730.0;85;175;260
601748.0;180;354;534
601756.0;53;112;165
601764.0;57;103;160
601772.0;60;128;188
601781.0;176;611;787
601799.0;167;757;924
601837.0;59;42;101
601853.0;191;472;663
601870.0;179;530;709
601888.0;94;149;243
601896.0;109;200;309
601900.0;41;30;71
601918.0;57;161;218
601926.0;123;225;348
602027.0;94;159;253
602035.0;197;400;597
602051.0;60;202;262
602060.0;89;151;240
602078.0;96;129;225
602086.0;119;465;584
602094.0;95;210;305
602116.0;146;236;382
602124.0;109;225;334
602132.0;150;340;490
602141.0;122;166;288
602159.0;90;281;371
638013.0;470;761;1231
638170.0;90;536;626
638188.0;60;538;598
638196.0;148;399;547
638200.0;149;1271;1420
638218.0;92;186;278
638226.0;11;9;20
638242.0;86;254;340
638251.0;14;21;35
638277.0;64;137;201
638293.0;176;376;552
638307.0;94;224;318
638323.0;121;442;563
638358.0;192;540;732
638366.0;201;685;886
638374.0;160;794;954
638404.0;67;103;170
638412.0;157;249;406
638421.0;123;408;531
638447.0;150;475;625
638455.0;129;515;644
638463.0;192;886;1078
638501.0;150;495;645
638510.0;120;455;575
638552.0;150;341;491
638595.0;83;242;325
638609.0;34;128;162
638625.0;92;166;258
639028.0;148;452;600
639133.0;215;512;727
639494.0;96;374;470
640930.0;184;382;566
641065.0;11;7;18
654949.0;54;97;151
664359.0;112;171;283
664740.0;279;501;780
666122.0;114;402;516
669725.0;133;263;396
837385.0;149;198;347
837733.0;171;302;473
838811.0;59;113;172
840122.0;28;21;49
842702.0;120;394;514
842737.0;59;102;161
842745.0;88;236;324
842753.0;120;367;487
842761.0;91;299;390
842800.0;25;16;41
842818.0;232;389;621
842851.0;90;88;178
842885.0;90;225;315
842893.0;117;237;354
842907.0;75;90;165
842915.0;91;179;270
842940.0;55;93;148
842966.0;115;156;271
843318.0;23;16;39
843351.0;191;249;440
843369.0;86;192;278
843393.0;84;147;231
843407.0;91;135;226
843474.0;183;339;522
843491.0;139;456;595
843504.0;143;331;474
843547.0;83;128;211
844012.0;89;208;297
845060.0;45;36;81
845213.0;203;299;502
845299.0;133;273;406
845329.0;111;271;382
845388.0;53;115;168
846881.0;86;247;333
848794.0;105;158;263
848875.0;83;131;214
848956.0;139;796;935
850047.0;114;318;432
850365.0;43;41;84
872326.0;9;3;12
2518333.0;86;203;289
7810041.0;454;1107;1561
7820186.0;75;187;262
7880103.0;232;481;713
10622110.0;10;7;17
11021420.0;80;70;150
11179457.0;24;48;72
11217731.0;14;23;37
11233354.0;22;106;128
11583771.0;57;200;257
12583731.0;81;164;245
12907731.0;208;403;611
12954691.0;64;143;207
12996050.0;56;141;197
13064401.0;54;297;351
13094394.0;40;105;145
13582259.0;174;301;475
13582909.0;160;415;575
13643045.0;195;344;539
13643606.0;253;386;639
13643878.0;208;436;644
13644301.0;252;290;542
13644319.0;274;515;789
13644327.0;190;334;524
13818082.0;50;108;158
14450437.0;216;387;603
14451026.0;207;556;763
14451042.0;113;256;369
14451085.0;212;364;576
14585235.0;32;115;147
14803844.0;85;138;223
14867362.0;78;138;216
14891221.0;172;636;808
14891263.0;164;307;471
14891409.0;169;424;593
14891531.0;125;227;352
15028216.0;96;212;308
15034496.0;77;197;274
15034569.0;32;81;113
15037789.0;53;96;149
15050670.0;123;242;365
15052591.0;117;223;340
15052796.0;35;57;92
15055663.0;119;181;300
15062848.0;283;612;895
15530213.0;371;1010;1381
16190483.0;24;159;183
16499671.0;9;33;42
16996593.0;128;126;254
18054455.0;116;274;390
18230083.0;182;428;610
18242171.0;218;414;632
18380824.0;166;308;474
18383874.0;350;578;928
18468012.0;55;129;184
18468071.0;31;25;56
40230457.0;20;103;123
40454525.0;26;141;167
40527867.0;64;269;333
40652441.0;70;29;99
41190726.0;338;486;824
41193041.0;145;322;467
41194462.0;50;267;317
41263936.0;13;29;42
41691202.0;125;125;250
41900995.0;45;51;96
42660505.0;70;61;131
42797942.0;197;299;496
42840431.0;47;114;161
43784054.0;138;164;302
44012667.0;127;210;337
44065485.0;82;141;223
44065663.0;60;167;227
44264445.0;18;24;42
44434324.0;108;123;231
44445288.0;66;194;260
44683405.0;49;73;122
44796277.0;31;155;186
44809875.0;23;60;83
44846738.0;64;339;403
44991517.0;58;70;128
44991665.0;18;81;99
45019517.0;48;95;143
45162654.0;27;40;67
45235686.0;32;70;102
45235708.0;29;39;68
45247226.0;47;87;134
45248001.0;120;534;654
45249750.0;18;22;40
45268983.0;33;125;158
45270082.0;37;109;146
45708797.0;22;36;58
45768277.0;18;57;75
45768561.0;31;53;84
45796955.0;168;251;419
45978298.0;111;484;595
46315284.0;24;32;56
46389164.0;25;43;68
46414991.0;123;260;383
46521798.0;63;303;366
46565507.0;127;230;357
46580336.0;76;121;197
46610502.0;64;125;189
46681612.0;107;216;323
47274603.0;77;69;146
47274611.0;96;251;347
47274620.0;110;95;205
47274654.0;130;326;456
47274689.0;165;256;421
47274701.0;29;40;69
47274719.0;109;175;284
47313129.0;39;35;74
47353872.0;63;44;107
47450827.0;30;67;97
47558407.0;96;259;355
47558415.0;259;450;709
47558458.0;58;182;240
47558504.0;116;338;454
47608960.0;53;81;134
47611162.0;21;11;32
47921838.0;53;155;208
48033413.0;76;289;365
48109355.0;102;501;603
48134023.0;90;144;234
48160989.0;149;342;491
48161012.0;60;150;210
48161101.0;50;156;206
48161110.0;42;44;86
48161161.0;136;343;479
48161179.0;311;818;1129
48161209.0;90;261;351
48326437.0;146;214;360
48342912.0;88;90;178
48342939.0;78;126;204
48513423.0;28;24;52
48513512.0;59;452;511
48515027.0;18;24;42
48729906.0;88;156;244
48808865.0;20;30;50
49232886.0;26;73;99
49290274.0;27;34;61
49314653.0;59;68;127
49314661.0;150;419;569
49314670.0;60;154;214
49314785.0;78;156;234
49314891.0;49;87;136
49314912.0;137;236;373
49356062.0;210;405;615
49366629.0;90;589;679
49556088.0;3;9;12
49558421.0;51;93;144
49562339.0;10;20;30
49625446.0;92;678;770
49704397.0;26;71;97
49752391.0;28;70;98
49753771.0;91;219;310
49753789.0;159;382;541
49766929.0;287;650;937
49767194.0;91;214;305
49774301.0;290;552;842
49774859.0;127;238;365
49775961.0;57;81;138
49776541.0;48;92;140
49777149.0;60;139;199
49778064.0;150;323;473
49778099.0;155;541;696
49778102.0;89;523;612
49778111.0;28;32;60
49778137.0;89;216;305
49778145.0;159;535;694
49778161.0;191;363;554
49790820.0;36;58;94
49797999.0;129;222;351
60058871.0;85;95;180
60061812.0;117;276;393
60061855.0;57;110;167
60061863.0;197;363;560
60061880.0;63;110;173
60064765.0;58;141;199
60064781.0;87;128;215
60064790.0;85;218;303
60065303.0;30;43;73
60074281.0;28;133;161
60074302.0;52;149;201
60075104.0;42;74;116
60075775.0;90;547;637
60075856.0;3;2;5
60075902.0;35;22;57
60075970.0;116;252;368
60076046.0;90;309;399
60076062.0;29;12;41
60076089.0;144;223;367
60076101.0;60;385;445
60076135.0;120;559;679
60077590.0;207;290;497
60084286.0;53;99;152
60096136.0;56;94;150
60103329.0;75;112;187
60103337.0;87;203;290
60103345.0;81;246;327
60103361.0;114;174;288
60103370.0;134;206;340
60115645.0;27;91;118
60153237.0;111;182;293
60153245.0;91;171;262
60153296.0;122;224;346
60153393.0;56;74;130
60154021.0;36;36;72
60162961.0;67;333;400
60337320.0;91;297;388
60370009.0;12;17;29
60370505.0;130;205;335
60371684.0;179;307;486
60371731.0;120;284;404
60371749.0;67;161;228
60371757.0;89;189;278
60436735.0;73;228;301
60446218.0;60;506;566
60446234.0;90;531;621
60446846.0;51;90;141
60447109.0;50;96;146
60449004.0;89;945;1034
60522321.0;7;28;35
60552255.0;741;1788;2529
60555211.0;115;1004;1119
60650443.0;120;141;261
60650478.0;91;202;293
60650486.0;52;121;173
60650494.0;99;149;248
60650770.0;51;57;108
60723785.0;72;178;250
60729937.0;214;337;551
60784024.0;76;153;229
60784733.0;23;41;64
60801743.0;32;45;77
60884690.0;89;165;254
60884703.0;90;132;222
60884711.0;88;191;279
60884720.0;135;233;368
60884746.0;89;193;282
60884762.0;56;138;194
61222402.0;78;183;261
61357235.0;62;62;124
61357278.0;53;76;129
61357294.0;80;148;228
61384534.0;118;350;468
61384992.0;75;535;610
61385271.0;146;418;564
61385298.0;60;559;619
61385476.0;148;1649;1797
61385581.0;27;56;83
61385701.0;88;552;640
61385891.0;112;243;355
61386022.0;177;412;589
61386855.0;192;726;918
61387002.0;29;67;96
61387339.0;16;44;60
61388068.0;119;512;631
61388246.0;119;409;528
61388726.0;136;295;431
61388866.0;173;410;583
61664537.0;73;181;254
61664545.0;85;145;230
61664553.0;110;222;332
61664651.0;166;284;450
61664707.0;90;258;348
61664715.0;90;265;355
61924008.0;84;176;260
61924032.0;90;202;292
61924041.0;111;261;372
61924059.0;165;185;350
61942839.0;44;260;304
61988278.0;89;342;431
62029754.0;102;269;371
62062883.0;38;61;99
62157213.0;64;117;181
62157264.0;210;553;763
62157884.0;40;79;119
62534408.0;29;10;39
62690035.0;141;341;482
62690043.0;85;290;375
62690060.0;154;311;465
62690221.0;107;185;292
62690272.0;150;614;764
62690400.0;95;117;212
63109026.0;120;615;735
63109662.0;60;777;837
64353389.0;60;180;240
102000638.0;424;755;1179
102000654.0;8;5;13
102000930.0;32;44;76
102006881.0;91;167;258
102006920.0;59;98;157
102006954.0;96;160;256
102007926.0;114;231;345
102007934.0;89;177;266
102007942.0;90;266;356
102007969.0;60;114;174
102007993.0;60;240;300
102018006.0;114;241;355
102037680.0;119;172;291
102047723.0;29;69;98
102100675.0;69;98;167
102101531.0;77;124;201
102104522.0;52;47;99
102113424.0;10;6;16
102113556.0;16;27;43
102113611.0;112;128;240
102133743.0;84;124;208
102133786.0;432;889;1321
102133883.0;25;23;48
102142262.0;124;162;286
102145571.0;120;212;332
102145580.0;28;31;59
102145598.0;90;105;195
102145776.0;119;262;381
102160261.0;51;107;158
102191557.0;80;186;266
102191565.0;90;247;337
102191573.0;56;132;188
102244928.0;107;215;322
102244936.0;81;94;175
102244944.0;168;326;494
102244952.0;83;188;271
102266239.0;58;76;134
102266247.0;115;177;292
102266255.0;61;176;237
102266271.0;137;267;404
102319863.0;181;385;566
102319928.0;38;64;102
102319936.0;60;126;186
102319944.0;150;381;531
102319995.0;224;389;613
102403554.0;89;127;216
102403562.0;52;65;117
102454299.0;81;135;216
102454302.0;58;59;117
102454311.0;56;189;245
102454345.0;59;38;97
102519943.0;90;113;203
102519951.0;84;210;294
102519978.0;75;135;210
102519986.0;89;253;342
102531021.0;22;43;65
102531064.0;72;91;163
102531081.0;30;36;66
102531099.0;60;188;248
102602417.0;49;56;105
102638519.0;102;147;249
102675511.0;76;66;142
102692165.0;60;134;194
102692173.0;74;100;174
102692181.0;120;192;312
102692190.0;90;188;278
102692220.0;118;256;374
102692254.0;84;123;207
102692262.0;178;338;516
102730148.0;161;323;484
102789207.0;118;325;443
102807647.0;90;197;287
102807655.0;161;414;575
102814350.0;144;239;383
102856613.0;34;9;43
102867071.0;57;98;155
102867097.0;150;207;357
102867135.0;230;606;836
102943486.0;60;73;133
102943494.0;80;184;264
102943508.0;60;98;158
102943516.0;87;170;257
102943524.0;101;148;249
102943541.0;90;144;234
102943559.0;225;549;774
103019715.0;114;249;363
103019731.0;60;122;182
103031529.0;20;9;29
103031642.0;60;184;244
103031651.0;230;461;691
107820013.0;77;109;186
107820064.0;257;564;821
107820102.0;182;344;526
107820153.0;278;846;1124
107820218.0;63;138;201
107820251.0;142;541;683
107820340.0;122;174;296
107820391.0;114;167;281
107820439.0;96;216;312
107820447.0;112;153;265
107820480.0;22;101;123
107820536.0;125;142;267
107820544.0;102;140;242
107820668.0;106;174;280
107830019.0;38;54;92
107830086.0;90;105;195
107830281.0;125;196;321
107830299.0;180;215;395
107830302.0;87;130;217
107830345.0;120;143;263
107830396.0;165;251;416
107840294.0;107;180;287
107840308.0;219;362;581
107840359.0;74;93;167
107850079.0;479;803;1282
107850214.0;141;358;499
107850303.0;154;315;469
107850389.0;24;16;40
107850427.0;193;362;555
107850451.0;202;443;645
107850486.0;270;539;809
107850532.0;175;455;630
107850541.0;125;238;363
107850753.0;145;170;315
107860601.0;65;119;184
107860678.0;159;298;457
107860937.0;166;423;589
107870312.0;71;109;180
107870321.0;57;94;151
107870347.0;202;427;629
107870479.0;129;151;280
107870568.0;58;129;187
107870738.0;221;432;653
107870746.0;146;247;393
107870762.0;72;90;162
107870789.0;388;713;1101
107870801.0;75;82;157
107870878.0;174;359;533
107870932.0;233;268;501
107870941.0;181;237;418
107870959.0;103;227;330
107871173.0;167;251;418
107880245.0;115;237;352
107880351.0;159;239;398
107880369.0;219;396;615
107880377.0;142;309;451
107880610.0;62;69;131
107880741.0;99;141;240
107880792.0;125;257;382
107880873.0;96;127;223
107881004.0;110;187;297
108000877.0;28;40;68
108001270.0;58;584;642
108001288.0;58;312;370
108001342.0;120;704;824
108001369.0;30;36;66
108001491.0;96;376;472
108001547.0;28;99;127
108001571.0;171;319;490
108002586.0;2;3;5
108003841.0;120;257;377
108003868.0;58;233;291
108003981.0;42;109;151
108004481.0;58;64;122
108005623.0;52;118;170
108005631.0;64;97;161
108005640.0;57;58;115
108006891.0;244;575;819
108006930.0;149;391;540
108006948.0;139;229;368
108006972.0;348;641;989
108007014.0;60;144;204
108007049.0;49;41;90
108007057.0;60;135;195
108007863.0;90;201;291
108010015.0;29;104;133
108010112.0;30;198;228
108010228.0;25;131;156
108010848.0;157;263;420
108011020.0;118;167;285
108011119.0;145;568;713
108012654.0;90;205;295
108013669.0;51;40;91
108014053.0;113;224;337
108014193.0;143;350;493
108015769.0;14;38;52
108017109.0;10;3;13
108019578.0;49;170;219
108020908.0;22;34;56
108021041.0;78;258;336
108022161.0;45;31;76
108022463.0;56;190;246
108022650.0;156;116;272
108022676.0;50;61;111
108022722.0;37;46;83
108023079.0;88;94;182
108023087.0;110;138;248
108024148.0;60;183;243
108026761.0;3;0;3
108027457.0;58;145;203
108028135.0;50;116;166
108028917.0;87;226;313
108029174.0;32;68;100
108029310.0;60;490;550
108029344.0;131;139;270
108029395.0;4;10;14
108029417.0;661;1143;1804
108030091.0;80;118;198
108030482.0;32;136;168
108030598.0;52;119;171
108030717.0;20;44;64
108030733.0;129;181;310
108030814.0;30;97;127
108032019.0;21;12;33
108032060.0;126;270;396
108032876.0;31;65;96
108035743.0;90;243;333
108035905.0;24;10;34
108036421.0;175;505;680
108040771.0;4;4;8
108040780.0;32;59;91
108040895.0;196;366;562
108040909.0;195;546;741
108043690.0;56;118;174
108043720.0;52;58;110
108043738.0;52;77;129
108046141.0;14;25;39
108047695.0;191;337;528
108047741.0;177;364;541
108047750.0;117;211;328
108047784.0;84;158;242
108047792.0;397;877;1274
108047911.0;22;38;60
108047920.0;55;93;148
108047938.0;60;60;120
108047946.0;30;83;113
108047954.0;87;275;362
108047989.0;288;743;1031
108051692.0;207;470;677
108051749.0;16;9;25
108052028.0;60;196;256
108052052.0;65;156;221
108052940.0;60;242;302
108052958.0;89;423;512
108052974.0;136;71;207
108052991.0;27;41;68
108054021.0;267;467;734
108054063.0;55;79;134
108054071.0;119;206;325
108054080.0;119;257;376
108054098.0;54;131;185
108054101.0;45;129;174
108054110.0;79;123;202
108054195.0;1;0;1
108055698.0;41;55;96
108055710.0;29;36;65
110000030.0;52;24;76
110000048.0;54;97;151
110001621.0;73;77;150
110001630.0;120;333;453
110001648.0;115;239;354
110001656.0;118;1430;1548
110001664.0;3;13;16
110001699.0;12;7;19
110001885.0;399;1020;1419
110001923.0;19;20;39
110002008.0;118;678;796
110005007.0;8;0;8
110007671.0;26;178;204
110007701.0;37;48;85
110007778.0;93;321;414
110007786.0;114;328;442
110007808.0;160;97;257
110008952.0;14;16;30
110009487.0;60;130;190
110009541.0;94;157;251
110009550.0;210;493;703
110009584.0;63;172;235
110009614.0;54;116;170
110009665.0;80;134;214
110009681.0;108;233;341
110009711.0;87;112;199
110009754.0;52;87;139
110009762.0;49;51;100
110009789.0;114;201;315
110009819.0;120;134;254
110009878.0;83;124;207
110009967.0;56;72;128
110009975.0;119;217;336
110010019.0;192;447;639
110010043.0;81;198;279
110010086.0;103;354;457
110010108.0;59;101;160
110010116.0;84;92;176
110010167.0;60;126;186
110010175.0;59;89;148
110010205.0;66;156;222
110010221.0;64;99;163
110010256.0;89;100;189
110010264.0;210;403;613
110010311.0;92;257;349
110010353.0;74;128;202
110010680.0;4;0;4
110011066.0;19;67;86
110011295.0;105;260;365
110011325.0;30;60;90
110011350.0;52;179;231
110011473.0;4;6;10
110011520.0;12;2;14
110011848.0;28;81;109
110012127.0;26;29;55
110012151.0;95;200;295
110012160.0;114;112;226
110012186.0;118;206;324
110012216.0;58;124;182
110012259.0;30;5;35
110012267.0;43;67;110
110012275.0;32;68;100
110012283.0;96;79;175
110012291.0;58;142;200
110012305.0;94;172;266
110012356.0;92;181;273
110012364.0;210;534;744
110012437.0;79;166;245
110012445.0;62;153;215
110012453.0;30;203;233
110012461.0;107;474;581
110012488.0;43;80;123
110012542.0;57;58;115
110012569.0;30;14;44
110012879.0;46;95;141
110012895.0;26;20;46
110013204.0;65;130;195
110013387.0;20;15;35
110013450.0;37;60;97
110013514.0;3;0;3
110013573.0;2;3;5
110013638.0;5;0;5
110014898.0;90;164;254
110015037.0;135;285;420
110015061.0;79;161;240
110015070.0;65;92;157
110017501.0;75;88;163
110017650.0;7;0;7
110017854.0;124;183;307
110017919.0;52;28;80
110018044.0;45;91;136
110018061.0;48;60;108
110018095.0;65;171;236
110020405.0;46;141;187
110020553.0;65;85;150
110020634.0;10;3;13
110020707.0;66;84;150
110021461.0;40;139;179
110021479.0;56;95;151
110022084.0;8;11;19
110022289.0;189;473;662
110022769.0;1;1;2
110022866.0;7;8;15
110022971.0;28;41;69
110023111.0;8;1;9
110023145.0;5;8;13
110023234.0;27;38;65
110023498.0;49;69;118
110023668.0;57;137;194
110023676.0;51;62;113
110023765.0;4;0;4
110023901.0;8;8;16
110023927.0;7;3;10
110025148.0;66;74;140
110025172.0;164;231;395
110025202.0;194;206;400
110025334.0;12;14;26
110025474.0;56;76;132
110025580.0;87;183;270
110025725.0;67;184;251
110025741.0;7;21;28
110025831.0;35;41;76
110025857.0;90;193;283
110025873.0;87;116;203
110026012.0;241;842;1083
110026179.0;149;283;432
110026420.0;15;30;45
110027027.0;80;142;222
110027230.0;49;87;136
110027752.0;20;3;23
110027795.0;141;200;341
110028201.0;58;55;113
110028538.0;5;4;9
110028554.0;106;158;264
110028881.0;247;406;653
110029470.0;136;200;336
110030478.0;193;656;849
110030494.0;189;535;724
110030559.0;60;137;197
110030591.0;174;531;705
110030672.0;122;419;541
110030729.0;112;182;294
110030745.0;100;228;328
110030818.0;156;417;573
110030893.0;220;705;925
110030923.0;154;295;449
110030966.0;263;560;823
110030982.0;177;472;649
110031008.0;198;695;893
110031067.0;223;1110;1333
110031105.0;104;165;269
110031229.0;240;518;758
110031261.0;97;162;259
110031300.0;59;67;126
110031334.0;56;98;154
110032110.0;201;411;612
110032233.0;88;203;291
110032608.0;24;48;72
110032641.0;140;278;418
110032829.0;41;69;110
110033795.0;65;93;158
110033809.0;8;9;17
110034147.0;134;193;327
110034538.0;65;81;146
110034635.0;102;114;216
110034741.0;24;100;124
110034791.0;7;2;9
110035381.0;87;193;280
110035798.0;72;155;227
110036026.0;8;4;12
110036166.0;3;0;3
110036204.0;120;603;723
110036514.0;89;195;284
110036611.0;153;215;368
110036778.0;252;610;862
110036816.0;140;371;511
110036859.0;83;151;234
110036891.0;101;148;249
110037529.0;127;441;568
110037545.0;48;85;133
110037791.0;173;524;697
110100204.0;357;698;1055
110100549.0;437;1127;1564
110100590.0;496;639;1135
110100662.0;387;927;1314
110100689.0;2;0;2
110100859.0;46;98;144
110100867.0;81;137;218
110150031.0;449;902;1351
110150058.0;288;655;943
110150309.0;148;307;455
110150414.0;198;222;420
110150511.0;9;1;10
110200039.0;189;262;451
110200403.0;175;413;588
110250141.0;128;163;291
110250249.0;207;468;675
110250460.0;303;725;1028
110250541.0;175;192;367
110250591.0;365;764;1129
110250842.0;43;49;92
110250907.0;8;1;9
110251059.0;62;109;171
110300025.0;30;46;76
110300572.0;138;325;463
110300602.0;102;194;296
110300696.0;5;3;8
110300777.0;11;18;29
110300823.0;16;12;28
110350413.0;5;2;7
110351070.0;34;56;90
110380126.0;37;31;68
110380193.0;20;83;103
110380223.0;21;41;62
110380339.0;98;218;316
110400666.0;108;193;301
110450311.0;58;157;215
110450469.0;38;63;101
110450639.0;143;369;512
110450680.0;90;74;164
110450931.0;138;412;550
110451015.0;52;60;112
110451066.0;215;660;875
110451228.0;29;158;187
110451279.0;45;54;99
110500032.0;69;164;233
110500148.0;199;496;695
110500164.0;85;129;214
110500326.0;96;106;202
110500644.0;1;1;2
110500709.0;12;4;16
110500784.0;11;0;11
110550064.0;1;0;1
116000635.0;10;2;12
130000167.0;18;10;28
130000183.0;107;220;327
130001180.0;149;237;386
130001236.0;272;528;800
130001333.0;303;914;1217
130001341.0;260;436;696
130001376.0;170;507;677
130001422.0;202;364;566
130001457.0;90;147;237
130001473.0;127;246;373
130001538.0;108;224;332
130001546.0;219;470;689
130001597.0;204;367;571
130001601.0;178;413;591
130001678.0;244;529;773
130001694.0;101;200;301
130001732.0;186;276;462
130001767.0;193;349;542
130001902.0;150;776;926
130002046.0;278;667;945
130002054.0;353;726;1079
130002089.0;284;480;764
130002097.0;97;151;248
130002135.0;151;265;416
130002160.0;140;246;386
130002186.0;208;298;506
130002216.0;71;147;218
130002241.0;175;288;463
130002330.0;111;204;315
130002372.0;39;70;109
130002381.0;578;1669;2247
130002437.0;216;445;661
130002445.0;278;627;905
130002542.0;101;126;227
150002785.0;9;0;9
150003595.0;60;156;216
150003978.0;57;137;194
150004451.0;111;333;444
150004516.0;33;44;77
150004648.0;17;12;29
150004842.0;70;1;71
150008023.0;65;83;148
150009810.0;50;34;84
150024975.0;30;43;73
150027265.0;182;540;722
150028393.0;1;0;1
150033923.0;7;10;17
150045395.0;7;0;7
150065591.0;3;7;10
150067241.0;65;153;218
150067364.0;4;0;4
150067861.0;134;261;395
150068123.0;2;0;2
150068654.0;88;214;302
150068964.0;35;65;100
150069031.0;202;413;615
150069685.0;11;0;11
150069880.0;4;0;4
150071329.0;6;0;6
150072490.0;0;6;6
150076339.0;3;1;4
150076363.0;74;188;262
150076738.0;64;117;181
150076983.0;12;1;13
150077009.0;15;34;49
150077084.0;2;0;2
150077971.0;5;0;5
150078137.0;32;71;103
150078153.0;69;123;192
150078340.0;16;20;36
151011494.0;15;20;35
151012997.0;295;564;859
151014507.0;186;216;402
151014655.0;55;113;168
151015643.0;3;0;3
151016003.0;107;207;314
151016887.0;56;69;125
151017697.0;3;6;9
151017891.0;53;98;151
151025886.0;30;34;64
151027218.0;8;0;8
151028931.0;45;85;130
151029440.0;18;16;34
151032688.0;6;5;11
151035504.0;7;3;10
151035709.0;5;2;7
151035768.0;63;154;217
151035806.0;30;35;65
151036268.0;90;159;249
151036985.0;51;79;130
151037388.0;5;3;8
151037639.0;3;1;4
151038546.0;66;139;205
151039437.0;13;3;16
151040389.0;19;37;56
151040753.0;26;31;57
181000890.0;6;10;16
181002604.0;5;2;7
181002931.0;72;285;357
181006383.0;60;113;173
181007282.0;78;241;319
181007304.0;2;0;2
181008521.0;1;3;4
181013410.0;7;8;15
181015692.0;42;30;72
181015706.0;2;0;2
181016117.0;3;4;7
181016672.0;4;0;4
181017067.0;7;0;7
181023687.0;3;0;3
181023725.0;10;0;10
181023903.0;55;263;318
181024829.0;200;502;702
181024845.0;10;0;10
181024888.0;14;11;25
181025001.0;4;1;5
181025230.0;10;0;10
181025906.0;24;26;50
181027291.0;234;523;757
181027810.0;92;195;287
181031574.0;4;0;4
181033496.0;156;268;424
181033577.0;239;435;674
181033666.0;36;42;78
181034131.0;43;58;101
181035618.0;53;99;152
181035898.0;4;4;8
181036606.0;27;18;45
181038897.0;1;0;1
181042771.0;2;0;2
181044684.0;41;97;138
181045231.0;9;2;11
181047519.0;28;56;84
181048841.0;250;664;914
181055058.0;3;1;4
181055660.0;20;52;72
181057522.0;10;0;10
181059568.0;60;113;173
181059711.0;7;0;7
181064197.0;2;0;2
181064341.0;2;4;6
181068729.0;4;0;4
181069288.0;1;1;2
181073501.0;3;0;3
181073978.0;2;0;2
181075849.0;45;90;135
181077639.0;7;0;7
181077728.0;3;0;3
181078988.0;22;46;68
181079607.0;7;7;14
181079704.0;6;0;6
181080109.0;5;7;12
181080168.0;1;0;1
181080206.0;1;1;2
181080541.0;8;10;18
181084694.0;22;24;46
181086093.0;35;71;106
181086263.0;103;250;353
181087154.0;1;1;2
181087464.0;1;0;1
181087511.0;1;0;1
181088231.0;20;37;57
181089114.0;2;2;4
181095726.0;4;1;5
181095912.0;58;53;111
181095971.0;2;0;2
181096633.0;10;8;18
181096790.0;19;31;50
181096803.0;53;65;118
181096994.0;4;0;4
181100291.0;3;3;6
181105527.0;24;28;52
181106451.0;15;26;41
181113601.0;6;12;18
181118831.0;22;33;55
181118891.0;38;81;119
181119021.0;20;24;44
181119331.0;13;17;30
181119463.0;66;155;221
181119641.0;0;1;1
181120925.0;3;3;6
181121379.0;21;12;33
181121662.0;22;28;50
181122111.0;13;1;14
181122227.0;10;5;15
181127024.0;7;9;16
181127369.0;30;33;63
181127491.0;0;2;2
181127504.0;2;2;4
181128021.0;1;3;4
181128047.0;24;13;37
181128331.0;15;9;24
181132362.0;4;5;9
181134098.0;11;19;30
181134799.0;12;13;25
181134802.0;19;10;29
181136953.0;52;71;123
181138701.0;15;50;65
181141906.0;11;9;20
181141931.0;25;53;78
181141957.0;7;0;7
181141965.0;5;6;11
181141973.0;5;15;20
181141990.0;31;32;63
200000055.0;120;376;496
200000063.0;30;105;135
200001027.0;159;516;675
250000016.0;196;496;692
